
58.34843
80.32703
61.324005
78.719
60.679546
81.91328
58.939167
78.92269
62.41138
80.12484
59.914474
80.586754
62.45531
81.47474
61.304077
81.05726
62.45503
79.67438
57.94315
80.01243
58.10021
78.20966
60.50089
82.32093
57.2091
82.04563
58.843647
80.404625
59.017456
78.23429
58.660275
82.4186
60.6249
79.13622
57.5342
81.96577
61.00105
82.3392
60.81667
77.90502
58.3423
82.16799
61.76301
81.091255
62.89648
82.92721
62.438644
82.602425
60.636063
79.70491
61.884155
79.16297
59.362003
80.68749
61.94839
78.06489
59.958782
79.49707
59.056248
81.91691
59.5975
77.06059
61.97256
77.01913
62.697506
79.95538
59.35596
78.06461
59.408195
78.049
60.566574
82.211464
60.261337
82.56173
62.7987
77.348015
57.470406
80.42805
59.154682
78.59056
58.117123
78.0192
59.75855
79.70754
58.1665
78.91167
61.427853
78.25568
60.89048
78.44718
60.77971
82.74295
58.856262
80.3279
62.941788
77.10012
57.149292
77.42584
61.271587
80.14676
62.95183
82.35868
62.657146
77.57955
60.986904
79.19487
60.079754
77.289925
59.663437
77.8986
57.164272
81.53491
59.022175
81.81107
60.424927
79.63937
62.78308
81.58748
57.834507
78.499535
60.933598
80.569466
61.2022
77.18715
62.373383
80.571236
58.640354
80.420235
57.14467
81.492645
60.132694
79.57086
62.72876
77.045906
57.886658
81.222015
60.77766
80.19308
61.759773
78.06509
57.47613
79.639366
58.594955
79.14611
58.49307
82.913025
60.782112
82.123436
58.182343
82.18558
57.783237
79.291
62.331806
80.04669
62.715694
79.65097
60.335472
81.94593
60.38327
79.28612
60.17743
81.949455
61.377
77.68664
60.06727
82.83243
59.037693
78.527985
59.955544
82.338715
62.17954
81.67547
62.483807
78.6874
60.51903
80.90834
58.187572
80.09112
61.735935
77.010124
59.97166
79.17442
61.012894
80.46406
59.016075
81.740814
57.75774
78.02157
62.346695
80.335106
60.007446
80.87854
61.318825
80.4835
62.745144
77.09858
58.212704
81.36651
60.03143
81.26413
69.028824
70.990814
70.45882
72.1156
68.397095
72.67375
70.98285
72.1555
69.27742
68.83994
71.66603
67.848915
71.830734
69.75268
69.29057
67.14337
68.47774
68.862915
67.15327
68.5605
71.73928
70.95709
67.65099
71.078575
71.9656
72.22044
67.49747
70.429565
71.513
72.70533