===========NOT STRESSED===========
64.34734403147428
64.81975882479712
63.57867688881841
67.528410632265
66.02509866655615
64.46840671116429
64.26691906653029
76.29564487641417
62.93240017180353
63.60687380345075
75.14225038500754
66.385116884979
61.40226342189086
68.58427047830888
74.29958396398492
69.29868661902375
65.26463477395356
70.39815601354283
66.2079188733145
65.50935432065118
75.66483419806421
77.7858935450499
68.88874556956127
74.37463111083153
77.62391991360892
68.63411677649547
66.87112605297216
63.33572579015911
66.9961000270948
61.319739569676074
70.73433761845713
69.08215512677906
71.76701543956665
75.37960725706503
75.4830132610817
73.5228904113449
78.13209608327413
78.73197207306568
73.14249787200808
71.94192658110055
73.21211674965969
64.47769076114807
74.59131012818135
66.37614741295191
74.79777979887278
68.59207946804041
74.31299281269081
76.1787113523485
63.29585999327308
68.26436005298808
63.69711681892255
63.413773373007324
67.268348597201
60.63689131978304
65.02434498886436
74.22887645954086
74.44980216065291
70.52330454339149
73.29291572820371
75.64980742337063
65.06614581989712
61.15375759132444
69.11366228929974
76.47032250866235
63.08721340467871
77.3513724612372
63.9538539456241
68.09520975128072
68.84528372688875
69.852884620865
74.74727895946785
72.50161591802525
62.701479919720654
75.54341787371129
66.00465154641584
=============STRESSED=============
74.69683957731363
73.34183055838461
76.65848480361007
74.74932746874313
74.87710478533613
76.95491275483872
72.41755884541338
77.44538487295468
74.38794296053787
===========NOT STRESSED===========
68.92513969523067
76.07055440561778
=============STRESSED=============
72.72638726635743
72.89363954940512
===========NOT STRESSED===========
73.3315395159171
70.92879924876853
63.41507439483306
76.15560353287796
77.57515421247955
69.43859455803995
74.35895004810337
76.11585161830196
63.60172439467542
63.69646413563849
75.18617445825531
77.02878721227135
