===========NOT STRESSED===========
68.34448287948057
66.47643139619261
=============STRESSED=============
76.94080381733326
73.35094191074782
72.9446564845482
75.34915405663212
77.05470306690049
76.41734733039193
72.62574545176427
74.31514306390443
75.65520260678151
73.81217061551193
73.58324616032398
75.04072990000498
75.67092669028838
76.16884398058464
77.94956423788152
75.99299556233524
77.31053617781554
75.98574451114172
72.21206463666249
73.32242744645066
77.82169149046985
74.41604382321843
74.71118286063624
74.14280641981705
75.73837179833534
73.58779826522161
77.85280771460467
73.48305287366118
75.94228193235746
72.3020552374169
===========NOT STRESSED===========
74.60120680888681
66.21795545788483
77.15180456814069
64.9676951042294
72.14982394544727
63.111355791482005
78.30842256508733
74.06650383117346
68.47281048584509
72.42849845167774
72.3839818118792
75.04989857792006
71.72204674223613
67.39050119416872
62.67550097935736
75.53464304248314
66.81213635444746
70.8558343128677
68.07766297277688
73.04413969400932
75.30989165685833
73.76860516679012
76.20547344199205
65.75596246686086
65.51621519851346
=============STRESSED=============
75.24488433306534
74.0957628514375
72.70891179647961
75.14564015783868
76.77438090079636
73.16570589712497
72.54509125796567
75.07911750942279
75.10714477682609
72.66260797540835
72.92934809928069
75.84807796014391
75.56367416795197
76.42020752272606
74.38747818064256
74.4364716852699
77.85898637505439
74.47902160145765
75.44528770641449
74.26213528513418
72.0441038737533
77.3787369926094
73.75669281557455
76.8768585204591
74.69582978415242
76.97569189849725
77.85050633088481
73.30623313045237
77.32841145914685
73.42039938476883
73.98210116338674
73.03748450826774
75.75814890449277
74.92988204180358
76.19482943518172
75.27307519014995
72.7356935586883
74.64473843084083
76.61780190941073
73.55820346212366
74.91432476057128
76.01446996278739
75.93845632344515
