===========NOT STRESSED===========
61.669687408873365
72.2242890427276
66.76731822874444
61.93897186129454
58.78801697365863
56.39556763941397
67.71750156520491
68.70396164617347
58.536848236354324
67.60889942489635
66.24691357603693
70.53604802953987
64.27896864987818
66.86374045568508
59.99425511622562
64.60007226349092
74.61291216121174
60.57413158086987
62.52638289223719
64.75039929159426
60.94067431827068
73.14496148079496
69.40616251552754
67.48407924307294
65.47159900830874
58.156948643544766
60.10072028906774
62.58783299878321
69.84350315998037
66.31209467587742
59.46351071827211
69.00483888924883
72.80612205217086
63.58274731903878
66.60152772397355
70.89371748619709
63.890126895685796
74.36510222807671
63.59810104428551
=============STRESSED=============
67.58101757378374
62.987038261679544
67.59551612952042
67.68553403867769
62.346713739505915
64.99768635161352
64.47522821924461
64.37442766281532
67.45435175962221
67.78222801479197
66.81809688152713
63.75491838488087
65.67058201181253
63.01688680024792
67.31245228888623
66.99895883325335
===========NOT STRESSED===========
62.75485831626599
62.39124708625765
74.83070827735305
69.24147428856037
63.88393716581097
59.8741350003433
72.59919017539768
67.54878142175261
69.57040783180548
56.25877919125102
69.96849766401074
=============STRESSED=============
63.353791981779736
===========NOT STRESSED===========
69.50522070643282
60.45101243364433
67.19997068865338
73.3567353782065
67.59029973564463
69.2733643850678
73.29700892656902
55.5940330203442
64.49551187415705
59.84271321403176
56.20335790106125
68.06560925751488
65.4989411217133
70.80090667435803
71.34333910585251
74.33710265841762
65.37839805525611
66.96011854237537
64.42227340800655
61.343049602972876
70.21399638625415
62.091526539425196
55.11958176490493
74.48878467279539
67.69493730658742
59.40044810489005
58.50480610563257
60.70450423048464
59.499240262416635
61.043306369796106
70.82012220073067
70.8982538136347
70.89726424203862
