===========NOT STRESSED===========
55
55
59
59
55
55
59
59
55
55
59
59
55
55
59
59
55
55
59
59
55
55
59
59
55
55
59
59
55
55
59
59
55
55
59
59
55
55
59
59
55
55
59
59
55
55
59
59
55
55
59
59
55
55
59
59
55
55
59
59
55
55
59
59
55
55
59
59
55
55
59
59
55
55
59
59
55
55
59
59
55
55
59
59
55
55
59
59
55
55
59
59
55
55
59
59
55
55
59
59
===========NOT STRESSED===========
55
55
59
59
55
55
59
59
55
55
59
59
55
55
59
59
55
55
59
59
55
55
59
59
55
55
59
59
55
55
59
59
55
55
59
59
55
55
59
59
55
55
59
59
55
55
59
59
55
55
59
59
55
55
59
59
55
55
59
59
55
55
59
59
55
55
59
59
55
55
59
59
55
55
59
59
55
55
59
59
55
55
59
59
55
55
59
59
55
55
59
59
55
55
59
59
55
55
59
59
===========NOT STRESSED===========
56.92818220017671
68.57249910806372
67.79282204355341
59.90945120424321
58.278648204132175
61.43853816540746
61.74938256633982
66.54075644127728
64.76437215213441
65.65665487399244
69.65209649088244
60.172874664462476
69.38226659106573
59.48640296374683
69.95186020120255
60.72480956405495
69.48799019171955
59.79230560256023
62.03860423640946
63.36387400358379
61.15647676344315
64.88768305917363
=============STRESSED=============
66.60269756141699
62.45990672490855
65.24438827644656
67.82052367506647
63.99973581631993
65.07661292645372
62.760791584243606
67.2370265956655
66.41924290135093
67.28797017423366
67.76480437387768
65.07415967297275
63.477083045740144
66.78709409401375
66.88438810247033
66.41752918636328
62.849622665508846
63.0638696035442
62.22184636446754
62.49672979755897
64.2156292898888
67.98339895238963
63.66861437342667
62.42857481008154
62.82720509808327
67.90687235909267
67.35944076314341
65.45182922907823
67.74251918701054
67.79927167050501
62.605672915702584
65.94707930169831
62.816544255677385
67.68725520907948
63.82301112936659
65.70803555079912
62.60406898152496
66.43256472447597
63.5734349163582
63.78589440908905
63.898554660514534
===========NOT STRESSED===========
61.48498547434311
63.73389644343783
64.31901452950349
61.184198911912496
60.92259087972369
70.57710689337603
68.21924750903287
72.8180463682717
65.36439804554594
68.4962241474179
66.4711025194793
71.93753496532526
68.4513139352427
63.88005762731275
72.40916201697308
60.911852730548766
68.1368751512958
65.21750546594845
57.71165230384513
64.19652347399126
69.00271826695807
=============STRESSED=============
67.65401973946445
62.414061499277125
64.43121375532766
64.0527885573984
62.80868967876314
67.94046484454998
64.58563906970743
62.11781077498538
===========NOT STRESSED===========
70.30115449883782
74.02768365280465
55.47242973334632
64.71283333541639
59.519632195789875
68.80034368759016
72.78217419696449
60.32261365382526
