===========NOT STRESSED===========
78.72171437707574
70.61495354852181
71.9129916950793
64.96834755199411
75.03023695382556
73.36835099809726
70.71486051310467
68.18080814315245
67.24969999863951
79.98200140076791
63.89683754630636
63.503381576959676
73.59641213337986
64.20820012759651
68.63332412311792
74.10908154216064
78.54483529349771
79.3252090397962
70.75620385740089
64.63548001646417
62.48333017650654
79.88797398253634
74.51653812416372
65.84841354286523
72.5394762334495
73.97985088582473
72.09642226223198
66.32595053530059
71.47819541425267
60.76555628354896
63.01123878681363
76.59301853078813
79.27660994060267
61.24356416563154
69.33950713196012
76.52363510406167
79.02343759490573
69.30240654263379
65.73983151863474
70.43084566780195
61.16701312629175
61.83992856617056
71.1704343805848
63.190057804894764
74.51524555982611
71.42734575098658
72.2071842305348
69.78303117243065
71.42428877125406
75.83150737592295
71.80647983929511
70.42888497963273
=============STRESSED=============
73.59177225510082
73.2818962568653
===========NOT STRESSED===========
65.94893017640976
67.23552130659782
73.96522545001845
74.0704718137096
75.8643638119789
77.14784744116183
69.72450191436087
63.54127024055626
63.13006408125251
78.71415575096059
69.9507352157831
67.16345105834355
66.3539046810967
73.51248634324797
67.38848716655068
75.39224771566178
74.2676009935729
=============STRESSED=============
77.07131289085392
77.08541548520706
73.64336659449445
75.42805988145776
73.53414030695028
77.95114567857746
75.28157405494035
73.12464628319425
76.9765743267954
72.7768103975701
72.43554269567036
76.31909780881355
74.08514865045616
75.13723892034197
77.50391342779045
75.60367158188133
77.34912069264846
73.37704959932415
74.72011526647024
77.36483365212987
72.90634481213414
73.04752501776765
72.68181215264863
76.05586754359553
72.1609874192528
73.78795664096526
76.35408158424552
75.21293427823434
76.5361786935312
74.93134155668598
